-0.00172268164103 0.00286107008512 -0.00172816737395
-0.00172106240487 0.00292516389186 -0.00168830673401
0.0 0.0 0.0
-0.00170626305076 0.00209956148671 -0.00177759689244
-0.00169273858696 0.00178108200758 -0.00130375842344
-0.00169251812651 0.00108471829137 -0.00141266631633
-0.00168999136251 0.000937670923561 -0.000629731893374
-0.00168653353002 0.00121600375853 -0.000778150697127
-0.00169580951551 0.00155454406868 -0.000808300704986
-0.00170017602256 0.0012835747294 -0.000909662149277
-0.00169270363455 0.00127320951088 -0.000745480701486
-0.00169274986883 0.00172140037697 -0.000954705168186
-0.00168732283346 0.00157035196581 -0.000662715324397
-0.00167970851599 0.00171414219672 -0.000542170843027
-0.00167921202699 0.00176544611593 -0.000550449156294
-0.00167074355444 0.00196851157961 -0.000488796021187
-0.0016683161265 0.00234400878026 2.80052109285e-05
-0.00166702089807 0.00254857289069 -0.000159293924183
-0.00166527755757 0.0019862172992 -0.000343535380319
-0.00166518950385 0.00178000847429 -0.000340904817487
-0.00165260105996 0.00184791079036 -0.000660696683555
-0.00164987857834 0.00178783153454 -0.000613235925714
-0.00164588746903 0.00142749185381 -0.000212466165188
-0.00164786947854 0.00127624553388 -8.83334312361e-05
-0.001652810104 0.00127683544951 -0.000111539481819
-0.00165965243057 0.00148825829647 -0.000310889694595
-0.00166481410839 0.00165931149001 -0.000164679016353
-0.00166350941382 0.00170375540715 -0.000328850237333
-0.00166235104056 0.00146258896493 0.000177969942642
-0.00165980131798 0.0015982736803 0.000728795780018
-0.0016594223539 0.00148418044195 0.000182641578623
-0.00165732150833 0.00146014117426 -0.000458274913587
-0.00166266943063 0.00151143754873 -0.000736223207868
-0.00165753780621 0.00154745677821 -0.000617328004407
-0.00165965123259 0.0016004138738 -0.000794444910509
-0.00165502804919 0.00198038365302 -0.000744553383499
-0.00164681265781 0.00171601821213 -0.00076812037043
-0.00164544294601 0.00148223207708 -0.000784637688926
-0.00164946502423 0.00141318059853 -0.000708688378333
-0.00164810073174 0.00114449047702 -0.000928905160994
-0.00164660402151 0.00101910168394 -0.000674937235226
-0.00165429981447 0.00063764963629 -0.000560663090795
-0.00165350720958 0.000944317914513 -0.000432048341738
-0.00164838272396 0.000909594943442 -0.000390561366977
-0.00163792375685 0.000951391182761 -0.00047382867522
-0.00163294226283 0.000788132471481 -0.000596949450026
-0.00163302624278 0.00078318935113 -0.000628764132131
-0.00162393536141 0.000901165532728 -0.000853713222748
-0.00162471800132 0.00073580714102 -0.00133302534433
-0.00162714936993 0.00088859783469 -0.00166403935979
-0.00161976209306 0.0008835285553 -0.00218863697131
-0.00161707977963 0.000776787985175 -0.00249397900071
-0.00161793594161 0.000658102828121 -0.00280411442743
-0.00162096245736 0.000570334490074 -0.00304517235842
-0.00161721387602 0.000566807600396 -0.00301982662751
-0.0016155653522 0.000409811405058 -0.00305738057368
-0.00161399270043 0.000237590530164 -0.00297008915106
-0.00160190278627 0.000153313977186 -0.00285566382041
-0.00160184112647 0.000339853119712 -0.00299580180353
-0.00160215412027 0.000461138763149 -0.00323745588569
-0.00160561441038 0.00057775064981 -0.00338813936244
-0.00159540335461 0.000554138947632 -0.00351373852481
-0.00159992703734 0.000686278725355 -0.0035800724951
-0.00159916055793 0.000664137158988 -0.00360538850065
-0.00159948709183 0.000703198959013 -0.00364277242738
-0.00159532793195 0.000867990664797 -0.00362918614438
-0.00158984906817 0.00103352529813 -0.00379043777722
-0.0015926080983 0.000976689454601 -0.00378030568138
-0.00159027869289 0.000801498402392 -0.00381691282752
-0.00159064002883 0.000709349361118 -0.00369350456231
-0.00158622307683 0.000837719135941 -0.00360615314048
-0.00158788667742 0.000954243081055 -0.00365980429179
-0.00158589377615 0.000888650150334 -0.00369689437653
-0.00158900743159 0.000926029631642 -0.00366328847928
-0.0015897289365 0.000996878810715 -0.00364653916111
-0.00158512731921 0.00099173930394 -0.00365219752146
-0.00158731725001 0.000970708298377 -0.00361607057458
-0.00158659168353 0.000956239329014 -0.00363620883364
-0.00159502728136 0.000944671107041 -0.00366498134766
-0.00159397404425 0.000876514290949 -0.00370414796899
-0.0015879095662 0.00084952806952 -0.00371351238077
-0.00157609807876 0.000795283670815 -0.00369033378849
-0.00156464417355 0.000743306955359 -0.00364273229889
-0.00156077351426 0.00076671053834 -0.00360375604759
-0.00156268880381 0.000822032622301 -0.00357619605549
-0.00158011952831 0.000898617437098 -0.00354607026797
-0.00159230794039 0.000985829884815 -0.00352173738335
-0.00160169405656 0.00105345689836 -0.00347675409147
-0.00160793984692 0.00112345172882 -0.00344637033932
-0.00160617872679 0.00115270520532 -0.00336254556616
-0.00160287274082 0.0010858457162 -0.00330062668698
-0.00160674927071 0.00103235994521 -0.00325277891215
-0.00160290826976 0.00100469820003 -0.00316472238361
-0.00159367054354 0.000920139720576 -0.00318618367389
-0.00159471924365 0.000925848611546 -0.00314769985584
-0.00158340882527 0.000851141521886 -0.00314569609095
-0.00157317251813 0.000728516235098 -0.00306598033774
-0.00155132046741 0.000500585419931 -0.00302157729926
-0.0015305194279 0.000315290486907 -0.00297549171942
-0.00151872828998 0.000173005537659 -0.00292013960518
-0.00150524941946 1.54513679357e-05 -0.0029262308665
-0.00149689658102 -6.52145321324e-05 -0.0028528668065
-0.00149481316008 -6.29965488673e-05 -0.00284259450714
-0.00151368850249 0.000111264073137 -0.00285675878494
-0.00153917615805 0.000337215947823 -0.0028672258315
-0.00157060825058 0.000635069769247 -0.00294136248487
-0.00159412532732 0.000823430580302 -0.00299848984395
-0.00160053053752 0.000945182852413 -0.00304420954323
-0.00161627850872 0.00104116558384 -0.0030794084704
-0.00162742488557 0.00108677793451 -0.00311151783859
-0.00163363824546 0.001078225687 -0.00317144290651
-0.00163919970174 0.00103053424403 -0.00328601561635
-0.00163676034885 0.000931344299052 -0.00338951673555
-0.00163901742894 0.000916062915314 -0.00353763260877
-0.00164770381794 0.000952333892484 -0.00359373306733
-0.00166151930916 0.00100422062369 -0.00366422786607
-0.00167100333807 0.00105097889582 -0.0037513014313
-0.00167390305944 0.00109683553977 -0.00381832153283
-0.00166859377914 0.00104464383021 -0.00390692658115
-0.00167328252818 0.00101115579576 -0.00399559010373
-0.00167620379461 0.00091884952938 -0.0041370083322
-0.00167251427086 0.000733588696071 -0.00425644698591
-0.0016558391293 0.000435855360557 -0.00436696820463
-0.00164305912851 0.000179424220946 -0.00455867416227
-0.001619700767 -9.92183255041e-05 -0.00468478710972
-0.00160248873309 -0.000339036759951 -0.00477163109913
-0.00160860723033 -0.000301393105088 -0.00483894638129
-0.00164169434617 -7.97353136299e-05 -0.00495131269751
-0.00167076548952 0.000201364148263 -0.00510264114224
-0.00171468008606 0.000540246288428 -0.00529737618882
-0.00174721293133 0.000764458297404 -0.00547706434574
-0.00177889838305 0.000965523374435 -0.00560392638453
-0.00181648870646 0.00123816462332 -0.00571747408597
-0.00182926161215 0.00137232086876 -0.00579622179434
-0.00184432158503 0.00144560524267 -0.00592772823901
-0.00183682082515 0.00139523543599 -0.00610132497673
-0.00185013227863 0.0014052386453 -0.00623881155446
-0.00185017321879 0.001322446521 -0.00648112708817
-0.00184393726425 0.00120644719088 -0.00656938907488
-0.00182924779103 0.0010095343792 -0.00677712638136
-0.0018078414054 0.000720177794639 -0.00694142104965
-0.00179023662653 0.000482334201425 -0.00716366327847
-0.00178949586928 0.000313776089999 -0.00745967173665
-0.00180196808636 0.00030432460591 -0.00772046711209
-0.00182735790649 0.000431972356911 -0.00788107784702
-0.00182808203634 0.000469152574406 -0.00797673252662
-0.0018424288653 0.000551321752387 -0.0080664099164
-0.00184545393376 0.000467444806267 -0.00828456785726
-0.00186860511005 0.000570583242817 -0.00854048178003
-0.00186769960898 0.000365890405107 -0.00882978761064
-0.00187313712402 0.000259458210276 -0.00910371947515
-0.00185918966785 1.47850985541e-05 -0.00931016979306
-0.00185249118694 -0.000157822116927 -0.00950398736789
-0.00183597365702 -0.000431390795452 -0.00971181834475
-0.00181922605416 -0.000775098526312 -0.0100577653699
-0.00178083254594 -0.00118799067535 -0.0101415207666
-0.00172722578348 -0.0016575845947 -0.0101767170352
-0.00168169358976 -0.00209299017479 -0.0102433557591
-0.00163872749962 -0.00255461102117 -0.0104195779207
-0.00160184355792 -0.0029161225483 -0.0105904104915
-0.00157557824272 -0.00318289258697 -0.010821410556
-0.00157690823259 -0.00328032144091 -0.0110884602553
-0.00158961418735 -0.00327549505287 -0.0113941092227
-0.00160700412637 -0.00316248608622 -0.0116498543401
-0.00164576543495 -0.00288039730444 -0.0118399991021
-0.00169038050891 -0.00247355301598 -0.0120285386547
-0.00174742146227 -0.00190901558442 -0.0121688829578
-0.00179223581435 -0.00139769116524 -0.0121838570186
-0.0018403998847 -0.000988471188157 -0.0122441929299
-0.00187916173716 -0.000631614900714 -0.012316043288
-0.0019177326476 -0.00028766448742 -0.0123593354661
-0.00195968930212 8.81595523689e-05 -0.0123532370079
-0.00198068867331 0.000327459960262 -0.012389442996
-0.00201208971548 0.000617718811307 -0.0124427932421
-0.00205384538331 0.000957895888781 -0.0126095593244
-0.0020751847511 0.00112779465203 -0.0128485147374
-0.00209604385044 0.00125285219396 -0.0130258011272
-0.00212501101738 0.00135853417938 -0.0133467019812
-0.00212121081225 0.00125103133434 -0.0134166456842
-0.00210380977707 0.000997571552555 -0.0135038054525
-0.00208603545385 0.00078855880895 -0.0137205073837
-0.00206779343713 0.000472688823775 -0.0138726270332
-0.00204619286342 0.000179273369527 -0.0140620463304
-0.00202520547463 -0.000154613320625 -0.0142179962253
-0.0020072796129 -0.00049598891824 -0.0143747268988
-0.00200003447735 -0.000573358934568 -0.0144772470629
-0.001999867346 -0.00061569665253 -0.0145193418037
-0.00201764676231 -0.000419224008359 -0.0145641217146
-0.00203570025916 -0.000154651072331 -0.0146126975067
-0.00206728640705 0.000217366678011 -0.0146462012927
-0.00209508053862 0.000614563301032 -0.0145328710704
-0.00213702122917 0.00111689963204 -0.0144723264294
-0.00216733852123 0.00154774099425 -0.0144833337727
-0.00218681806694 0.00184676846448 -0.0144127375395
-0.00219589284668 0.00204906953022 -0.0143072815969
-0.00220115380016 0.00215519998498 -0.014186401341
-0.00218757240481 0.00209930692398 -0.0139964271898
-0.00219059390422 0.00217616276463 -0.0139110658788
-0.00217335747854 0.00198733182921 -0.0136726770192
-0.00216678897966 0.00203382293842 -0.0134359388149
-0.00213004438982 0.00186215200188 -0.0131238889017
-0.0020996100891 0.00164722181037 -0.0128537125026
-0.00207511128701 0.00140183493264 -0.0126362758964
-0.00205594246883 0.00122646688238 -0.0123947903178
-0.0020181602453 0.000920814261011 -0.0121997941537
-0.00200002902282 0.000710980358437 -0.0120319192988
-0.00195290479766 0.000192455476019 -0.0116033468125
-0.00191190769544 -0.000136411488627 -0.0111406051724
-0.00186557917514 -0.000585254856223 -0.0108697622235
-0.00183680903575 -0.000968692315589 -0.0106432092833
-0.00178904900923 -0.00146919338355 -0.0103868641028
-0.0017238321198 -0.00211915906999 -0.0100601382913
-0.00167605927525 -0.00266823187114 -0.00984597087249
-0.0016344351756 -0.00309082499914 -0.00951594226108
-0.00160007363261 -0.00352323176686 -0.00920573205756
-0.00157763171077 -0.00382262201384 -0.00904397288046
-0.00154489741617 -0.00414617342256 -0.00894386181602
-0.00152927564172 -0.004154937065 -0.00878261849239
-0.00152427848624 -0.0040798057273 -0.00853732216543
-0.00152693477518 -0.00383898350722 -0.00817525375255
-0.0015427466092 -0.0034248720422 -0.00788729540476
-0.00156470811246 -0.00297188717746 -0.00760251151171
-0.00159571281121 -0.00249776306127 -0.00728311158337
-0.00162415745403 -0.00193170447906 -0.00682850558813
-0.00165890041962 -0.0014187912597 -0.00656546962303
-0.00168223136259 -0.000862051984376 -0.00614684111057
-0.00170697392521 -0.000415688515083 -0.00590585699692
-0.00174066590388 0.000142215115892 -0.00563068290893
-0.00176565731988 0.000513211170901 -0.00554921183225
-0.00177684366217 0.000746707642912 -0.00526880661277
-0.0017706132571 0.000725287278606 -0.00512360446582
-0.00177175323431 0.000832118949266 -0.00504356758958
-0.00178721056264 0.00112541982446 -0.00486181727498
-0.00178161902576 0.00117541530233 -0.004696032121
-0.0017861961486 0.00138620256629 -0.00429531464963
-0.00180453432121 0.00178451435186 -0.00397724875289
-0.00175448062293 0.00130506648854 -0.00366647824093
-0.00173532871675 0.00116224332332 -0.00360358582894
-0.00174225371423 0.00146689463942 -0.00332856709875
-0.00175362987699 0.00153801420086 -0.00332963082819
-0.00173342767616 0.00127821644003 -0.00323790940593
-0.00173591129115 0.00135638376969 -0.00317629049688
-0.00177292810791 0.00194895969892 -0.00300368815016
-0.00175859403386 0.00181533840952 -0.00281072110248
-0.0017243944024 0.00137114963798 -0.00263330707281
-0.00171962893614 0.00142476166765 -0.00226666640328
-0.00174848780617 0.00193221650023 -0.00209154061901
-0.00171573165208 0.00153774588549 -0.00193782861211
-0.00170610916974 0.00153100581562 -0.00166726240761
-0.0017134207603 0.00184906160016 -0.00141546378375
-0.00173932822124 0.00238265874575 -0.00113884821775
-0.00168597784765 0.0018429725528 -0.000743081300665
-0.00165981007685 0.00158409536189 -0.00056613725862
-0.00164476021727 0.00147244322167 -0.000282988567074
-0.00167623491715 0.00197618246056 -0.000216998166356
-0.00166831312679 0.00173395507917 -0.000212885072828
-0.00165179829439 0.00157658208693 -5.15597383369e-05
-0.00165607660919 0.00163488284238 -1.45401165283e-05
-0.00170106624905 0.00232075247372 0.000139730139011
-0.00168899102342 0.00222559813128 0.000283329624549
-0.00163951333974 0.00172143149105 0.00058865672521
-0.00161756167584 0.0015128780297 0.000853303246148
-0.00164074123099 0.00176748219201 0.000827164428893
-0.00165327052279 0.00195176229958 0.00105036967753
-0.00160423880976 0.00149395685669 0.00131622338766
