41.5353366957 6.25440356598e-06 6.22609141893e-08
41.2188863362 9.28182277227e-05 5.08217290419e-05
0.0 0.0 0.0
40.5787146351 0.000500274489228 0.000449239068782
40.2548631111 0.000754489837516 0.000871097594277
39.92856325 0.00106834930481 0.0014881052744
39.5996485627 0.0014224623441 0.00210233079302
39.2680503748 0.00182350501714 0.00272757904511
38.9337706947 0.00223029013957 0.00329447061723
38.5968512786 0.00255118040118 0.00380477455392
38.2570689838 0.00278450280833 0.00439959404334
37.9144082225 0.00296128782243 0.00494765172095
37.5688080417 0.00322967687912 0.00550897218441
37.2202894574 0.00353748401376 0.0059902686753
36.8687913588 0.00389579191337 0.00653131566808
36.5142014039 0.00419823007363 0.00702481812965
36.1565684529 0.0045904112772 0.00746477194361
35.7958414547 0.00496263209112 0.0077685132062
35.4319112652 0.00526461764981 0.00821458753467
35.0646746383 0.00542104218345 0.00871502330711
34.6941473944 0.00551391466024 0.00926246423069
34.3202000944 0.00566756177386 0.00980886301837
33.9427460929 0.00591714705401 0.0103665736687
33.5616531437 0.00623617662767 0.0110364380097
33.1768575335 0.0065624181812 0.0117695684096
32.7882636231 0.00680636387679 0.0124398794294
32.3958427547 0.00702572125286 0.0131201648118
31.9995179473 0.00729409928391 0.0137315665935
31.5992242172 0.00768888869595 0.0143014943371
31.1948383904 0.00828039590912 0.0148845868093
30.7862183991 0.00886216687349 0.0155932998286
30.3732503074 0.00933830464521 0.0163081031399
29.9558079689 0.0096438459707 0.0169750694421
29.533719742 0.00980076598158 0.0177131925855
29.1068668365 0.00981653918053 0.0184377017582
28.6751540208 0.00976227375756 0.0191107017047
28.2384781637 0.00960048186424 0.0197575947806
27.7966758132 0.00936188751342 0.0205619173718
27.3496046871 0.00902292599533 0.0214592188655
26.8971396636 0.00858545156026 0.0224244126591
26.4390313993 0.00801401237687 0.0234110630459
25.9750903166 0.0074266446221 0.0244417474591
25.5050898672 0.00673255866491 0.0255546756338
25.028794754 0.00590173653025 0.0266476494464
24.5459492178 0.00496301453853 0.0277601181569
24.0563201663 0.00385613990796 0.0288402721902
23.5596664921 0.00257101756937 0.029882837616
23.0557515718 0.00116712172879 0.0308345717539
22.5441999749 -0.000462162039792 0.0318136462645
22.0247592187 -0.00229397902832 0.0328843814745
21.4969843058 -0.00437915305061 0.0340421290082
20.9604492909 -0.0067294533399 0.0353978362368
20.4149132173 -0.00930179498909 0.0368571645851
19.8596877771 -0.0120408447431 0.038370768079
19.2942908401 -0.0148969041076 0.0399442878023
18.7182537183 -0.0177886700955 0.0414521807914
18.1311434388 -0.0207077029103 0.0429584652966
17.5320688367 -0.023598908585 0.0445181079483
16.9200779187 -0.0265349612314 0.0461808795546
16.2943873895 -0.0295775423055 0.0478128120409
15.6539192349 -0.0327488162015 0.0494565371236
14.9973334824 -0.0360549902425 0.0511659494254
14.3232719553 -0.0393796090172 0.052944906162
13.630297633 -0.0426769759647 0.0546696570939
12.9163244702 -0.0460461546186 0.0563503211563
12.1788470801 -0.0493989396444 0.0579104591146
11.4149604047 -0.0526188153626 0.0593531571044
10.6209615806 -0.0556910477702 0.0606214926696
9.79216164938 -0.0586497869619 0.0617965666404
8.92255305419 -0.0614599842544 0.0629329954254
8.00433647141 -0.0640020633613 0.0642142212679
7.02631987974 -0.0664416853342 0.0657132510283
5.97182278469 -0.0685284845459 0.0672859555822
4.81243689524 -0.0698146958089 0.0688409508328
3.49539594388 -0.0695380843194 0.0695107582408
1.89608748484 -0.0674419894759 0.0680387588118
-0.236182728901 -0.0735255099789 0.0549566737164
-1.50390015768 -0.0810339368472 0.0419499110171
-2.14285922972 -0.0891448251336 0.0337420696972
-2.44439348947 -0.0927017150685 0.031323513148
-2.4595806007 -0.0939692137415 0.036808808342
-2.40632983156 -0.0999309821633 0.0493650010374
-2.74633539423 -0.10242737128 0.0488425567213
-2.95095237653 -0.107767532492 0.0502332167157
-3.12573867471 -0.115165214182 0.0453597548927
-3.25668957897 -0.120949200069 0.0451615443962
-3.44740064951 -0.12524337607 0.0473632903058
-3.66970983175 -0.134019910834 0.0444385289285
-3.89582239623 -0.142453440777 0.0392954331135
-4.10626345864 -0.150343321914 0.0326675936053
-4.30492661257 -0.160482367023 0.0267100352817
-4.48257556386 -0.167427328512 0.0254941932088
-4.63695325244 -0.170917176392 0.0239825073088
-4.77733717026 -0.175237035018 0.023684469944
-4.94030896104 -0.184246664891 0.0192498479176
-5.0998228418 -0.190205073741 0.0220891032785
-5.24122093557 -0.197628905079 0.0243579550161
-5.38579464513 -0.206216626384 0.0240793471636
-5.54131358315 -0.21603058448 0.02376249611
-5.68999216264 -0.224111904155 0.0193375137473
-5.84268761047 -0.233697162874 0.0196308730244
-6.00082324872 -0.244910661553 0.0201190741993
-6.14268861085 -0.248514759908 0.0194940828597
-6.28462367319 -0.24856782128 0.0172691820099
-6.43027790189 -0.24749525848 0.0175156046065
-6.57628938093 -0.251864675606 0.0177943683189
-6.71449525144 -0.258484931244 0.0117523114778
-6.85200830297 -0.260496036056 0.00956403130762
-7.00336056684 -0.265362547234 0.0121319091249
-7.14932787763 -0.269262031999 0.0121876811129
-7.29788971099 -0.277799371213 0.0157924623944
-7.44006486566 -0.286888339369 0.0207317824046
-7.58236995937 -0.290829482437 0.0235997831447
-7.71276174493 -0.29428020713 0.0218602697113
-7.83917506603 -0.298690037237 0.0215761884116
-7.96421781465 -0.303224064677 0.0214961068647
-8.09333164861 -0.31116872051 0.0235769346655
-8.22257244974 -0.32018530404 0.023647159194
-8.35720413234 -0.327555073046 0.0214964990708
-8.49770277538 -0.334414563814 0.026081997016
-8.63853712787 -0.340821377866 0.0284132363838
-8.77821755484 -0.35021656342 0.027029435155
-8.91325989326 -0.351807723813 0.0189830184043
-9.04857391866 -0.353649673108 0.0162678820391
-9.18717262536 -0.35852419239 0.0177364721524
-9.32517084656 -0.360836115298 0.017903931317
-9.4606827172 -0.367196960812 0.0186015699044
-9.60045391498 -0.380886348629 0.0164673411801
-9.74178558142 -0.390340318888 0.0169141484435
-9.87447387218 -0.397448717284 0.0188196230226
-10.0006578044 -0.401626001638 0.0223188131487
-10.1283846541 -0.405528509427 0.0287365904291
-10.25264789 -0.413002358642 0.0297179726591
-10.3815782128 -0.416586749887 0.0355376619063
-10.5047835403 -0.421070653476 0.0412978852488
-10.6308567683 -0.426324297025 0.0451010785753
-10.7551929991 -0.427745049505 0.0514924060556
-10.8826312809 -0.430612887917 0.0552843178766
-11.0194340194 -0.430057601447 0.0566648847896
-11.1524205749 -0.43167017803 0.0571502792415
-11.2880656634 -0.432920816727 0.0588827733021
-11.4260309707 -0.434529070909 0.0613338771346
-11.5629404865 -0.434058529271 0.0653266188442
-11.6990437348 -0.433968480756 0.0696896062527
-11.8311125415 -0.437135663203 0.0677438481031
-11.9574460489 -0.44018507591 0.0706337900501
-12.0835392324 -0.445041007622 0.0730456326094
-12.2162731382 -0.443570479265 0.0754078950796
-12.3483900876 -0.446475154277 0.0783081699081
-12.4814231803 -0.453765611313 0.0827900252455
-12.6125757998 -0.456972790575 0.0834150080864
-12.7431414739 -0.460099565196 0.0833423598256
-12.8719529275 -0.466827171442 0.080216407977
-13.0009748622 -0.473059628926 0.0785592715826
-13.131347192 -0.478965709002 0.0755210579661
-13.2615338907 -0.489582301191 0.0777643502778
-13.393020174 -0.493765570918 0.0829806099508
-13.5278136512 -0.497275275807 0.0833224792561
-13.660440289 -0.49804062227 0.0848706553184
-13.7868341009 -0.497849187754 0.0824286551313
-13.9081821045 -0.498159908659 0.078502255994
-14.0355653747 -0.493692411121 0.0714566743404
-14.1602784195 -0.494944766977 0.0653591656193
-14.2883009354 -0.496254128733 0.0671573039744
-14.4198835261 -0.499903493602 0.0677875403254
-14.5482380206 -0.498985079989 0.0643466582364
-14.6771276869 -0.499378375357 0.0611652997768
-14.7994400036 -0.503613744647 0.0620741559766
-14.92069041 -0.50626018013 0.0634136282929
-15.0396351919 -0.507514998972 0.0681686835417
-15.154567291 -0.509123463674 0.0698939724093
-15.2789270753 -0.511454089979 0.0698242483709
-15.4040972308 -0.510163860556 0.0706973579261
-15.5304025482 -0.508485099942 0.0713776375656
-15.6543987375 -0.50843308195 0.0707004545858
-15.7826472576 -0.508254207923 0.0705453177675
-15.9029170721 -0.509632903179 0.0749576341672
-16.023318006 -0.505404430029 0.0785538339148
-16.1463871363 -0.505293179814 0.0807336640192
-16.2666663631 -0.508419367928 0.0801419742759
-16.3842232796 -0.510737234106 0.0858844079055
-16.5032540882 -0.514457426461 0.0840363832563
-16.6253426626 -0.519779659187 0.086398998519
-16.7499608817 -0.524759215228 0.0880604166615
-16.8762375551 -0.525977305344 0.0908262340753
-17.0044034099 -0.528767073108 0.0903808757323
-17.1366674164 -0.531858089811 0.0906780913529
-17.2656504429 -0.534866028538 0.0915778839263
-17.3957396318 -0.540029168781 0.0932471117121
-17.5242377432 -0.544660126751 0.0979203438991
-17.6521105244 -0.549521361628 0.0970962006314
-17.7819259147 -0.548164082706 0.097093975625
-17.9073050398 -0.552263689778 0.0966575991609
-18.0303153167 -0.551075420955 0.0989065011625
-18.1572404079 -0.547908100792 0.101959749542
-18.2851038529 -0.548928350228 0.108500522671
-18.4058465491 -0.549911499093 0.113627931871
-18.5268648835 -0.546226465924 0.120233715648
-18.6528902465 -0.542215081887 0.125935520632
-18.7783051805 -0.544577769441 0.128406009159
-18.9008960657 -0.543170342484 0.129505009929
-19.0232130835 -0.539717613257 0.126927712641
-19.1512959606 -0.539855915282 0.12958981261
-19.2788944468 -0.543479874115 0.128075137977
-19.4021465575 -0.54774188446 0.123904758814
-19.5242795852 -0.549482208272 0.124089147625
-19.643931745 -0.553029323416 0.127074622832
-19.7668568088 -0.555532097424 0.130075937323
-19.8905808991 -0.55461532627 0.133071390327
-20.015832745 -0.555828128479 0.135256850717
-20.1403724203 -0.555683281808 0.136058172648
-20.2690596576 -0.551993112384 0.137111886014
-20.3950373596 -0.548450634066 0.139642030195
-20.5235645756 -0.549081122965 0.142748191202
-20.6499104237 -0.5495926436 0.143612589781
-20.7730661009 -0.550719677113 0.143821098587
-20.8938985897 -0.554697020246 0.14244915228
-21.014697237 -0.562263188305 0.138619138682
-21.1340185915 -0.568570802171 0.138522564728
-21.2559406419 -0.573988829439 0.139663637132
-21.3820423105 -0.575934533308 0.141276880243
-21.5087497957 -0.579719694715 0.145035751745
-21.6361178159 -0.583750014322 0.145921275305
-21.7624219811 -0.589199269482 0.148979217044
-21.8870746025 -0.591238019735 0.153490544689
-22.0130139325 -0.592369184433 0.15325841691
-22.1406225593 -0.597504573092 0.154164480792
-22.2660400411 -0.601256970938 0.155178901638
-22.3896143604 -0.606652064326 0.152022339517
-22.5138879992 -0.613308486269 0.146698258645
-22.6394784847 -0.618391417614 0.144212195197
-22.7663528147 -0.624199430777 0.143219501509
-22.8875213211 -0.626875108315 0.148090515309
-23.0101662273 -0.632760887513 0.152603249132
-23.1370368068 -0.641682613539 0.15573383124
-23.2662673753 -0.649650184308 0.152842999132
-23.3905387219 -0.65527064398 0.153078670602
-23.5140621251 -0.660564147843 0.153292796387
-23.6323963515 -0.669620321942 0.153403180128
-23.7545263838 -0.671992183633 0.15218963749
-23.875542001 -0.67511431322 0.146736648848
-23.9994430248 -0.68271351939 0.148210457482
-24.1273361384 -0.68735307938 0.146467667184
-24.2509965978 -0.691895054964 0.146205212898
-24.3737000949 -0.697292527141 0.151034999786
-24.5004086819 -0.703866676721 0.160646717368
-24.6288201559 -0.709926646797 0.166267214858
-24.7496715316 -0.714870617004 0.168836588176
-24.8708006247 -0.721272426449 0.17259024193
-24.9996002028 -0.730424018082 0.174209796715
-25.1229048517 -0.735160181781 0.175418768261
-25.2481569661 -0.739509766871 0.176791645915
-25.3688425074 -0.742147064344 0.177036547095
-25.4927349672 -0.746706803848 0.179917869702
-25.6195777851 -0.752216952987 0.180635261677
-25.7449837987 -0.758361120761 0.184046808995
-25.8735445648 -0.758160587119 0.18115829905
-26.0027694509 -0.761997285014 0.182200225296
-26.1323552536 -0.76687729908 0.181407216536
-26.2636508013 -0.766032322449 0.178822979263
-26.3885040388 -0.767893411319 0.178481529896
-26.5086397796 -0.770936822285 0.177363507533
-26.6311898761 -0.777410737978 0.1806657
-26.7504375275 -0.783668152537 0.184872295701
-26.8767298642 -0.788964671288 0.182708922249
