1.641984E+00
1.450636E+00
1.274542E+00
1.259531E+00
1.322140E+00
1.340432E+00
1.309804E+00
1.238316E+00
1.255664E+00
1.243247E+00
1.263205E+00
1.277870E+00
1.263665E+00
1.324576E+00
1.212720E+00
1.292053E+00
1.238089E+00
1.297169E+00
1.297994E+00
1.268321E+00
1.227841E+00
1.205476E+00
1.225697E+00
1.214633E+00
1.255001E+00
1.235729E+00
1.204421E+00
1.258434E+00
1.200550E+00
1.240490E+00
1.210795E+00
1.236870E+00
1.239796E+00
1.232087E+00
1.265374E+00
1.296628E+00
1.253727E+00
1.214058E+00
1.222023E+00
1.197030E+00
1.234609E+00
1.224728E+00
1.206818E+00
1.215795E+00
1.253120E+00
1.208084E+00
1.218714E+00
1.228261E+00
1.283446E+00
1.227867E+00
1.207604E+00
1.207554E+00
1.216659E+00
1.248624E+00
1.214019E+00
1.222620E+00
1.222400E+00
1.221622E+00
1.258905E+00
1.246219E+00
1.174510E+00
1.192977E+00
1.184353E+00
1.170508E+00
1.232917E+00
1.206295E+00
1.195296E+00
1.220856E+00
1.209791E+00
1.193718E+00
1.234838E+00
1.242414E+00
1.201023E+00
1.252446E+00
1.284971E+00
1.369288E+00
1.536726E+00
1.244081E+00
1.235179E+00
1.195952E+00
1.255894E+00
1.241306E+00
1.236121E+00
1.208819E+00
1.214851E+00
1.231132E+00
1.231465E+00
1.274109E+00
1.247026E+00
1.250485E+00
1.206439E+00
1.235462E+00
1.222251E+00
1.244988E+00
1.220376E+00
1.259271E+00
1.226730E+00
1.200485E+00
1.233852E+00
1.246558E+00
1.239654E+00
1.258046E+00
1.231914E+00
1.251259E+00
1.232436E+00
1.285610E+00
1.271596E+00
1.240904E+00
1.270037E+00
1.220710E+00
1.269830E+00
1.238530E+00
1.242793E+00
1.205953E+00
1.249186E+00
1.240532E+00
1.225972E+00
1.254778E+00
1.221117E+00
1.227914E+00
1.250642E+00
1.260933E+00
1.264460E+00
1.258779E+00
1.222521E+00
1.208633E+00
1.235748E+00
1.223024E+00
1.235505E+00
1.225114E+00
1.234924E+00
1.225541E+00
1.242738E+00
1.265645E+00
1.249521E+00
1.215256E+00
1.210054E+00
1.224692E+00
1.235612E+00
1.227169E+00
1.268851E+00
1.228492E+00
1.211370E+00
1.235292E+00
1.189964E+00
1.229679E+00
1.230450E+00
1.241664E+00
1.216683E+00
1.230841E+00
1.224200E+00
1.199602E+00
1.232783E+00
1.213675E+00
1.209006E+00
1.202953E+00
1.222650E+00
1.264303E+00
1.251968E+00
1.211618E+00
1.186058E+00
1.206776E+00
1.219908E+00
1.219860E+00
1.219024E+00
1.235878E+00
1.260014E+00
1.258272E+00
1.223394E+00
1.227636E+00
1.226787E+00
1.197576E+00
1.222846E+00
1.237159E+00
1.159160E+00
1.226208E+00
1.202189E+00
1.203146E+00
1.218411E+00
1.210239E+00
1.217418E+00
1.193151E+00
1.207649E+00
1.212001E+00
1.257291E+00
1.205552E+00
1.184419E+00
1.216593E+00
1.214308E+00
1.230946E+00
1.215057E+00
1.205889E+00
1.168855E+00
1.242113E+00
1.240734E+00
1.227633E+00
1.208128E+00
1.227966E+00
1.206193E+00
1.186488E+00
1.191614E+00
1.217831E+00
1.195903E+00
1.207228E+00
1.193818E+00
1.216168E+00
1.216493E+00
1.202250E+00
1.194291E+00
1.213023E+00
1.187718E+00
1.197974E+00
1.198755E+00
1.188918E+00
1.192766E+00
1.183789E+00
1.220809E+00
1.203646E+00
1.209032E+00
1.198495E+00
1.219324E+00
1.206599E+00
1.203338E+00
1.207227E+00
1.202844E+00
1.182535E+00
1.219603E+00
1.222290E+00
1.198628E+00
1.189602E+00
1.219802E+00
1.189548E+00
1.196740E+00
1.182999E+00
1.187586E+00
1.203156E+00
1.207355E+00
1.193644E+00
1.190930E+00
1.200909E+00
1.231168E+00
1.200027E+00
1.183062E+00
1.205802E+00
1.195036E+00
1.185350E+00
1.207329E+00
1.202992E+00
1.187549E+00
1.216775E+00
1.212949E+00
1.170151E+00
1.210708E+00
1.176944E+00
1.176807E+00
1.175279E+00
1.169677E+00
1.183451E+00
1.174349E+00
1.185192E+00
1.206652E+00
1.169641E+00
1.218066E+00
1.193691E+00
1.189015E+00
