3.488976E+00
3.464134E+00
3.446789E+00
3.451277E+00
3.497991E+00
3.486480E+00
3.473168E+00
3.474922E+00
3.475092E+00
3.477044E+00
3.486526E+00
3.502469E+00
3.475917E+00
3.495847E+00
3.470249E+00
3.485527E+00
3.487972E+00
3.466946E+00
3.490607E+00
3.486966E+00
3.468655E+00
3.460275E+00
3.485826E+00
3.486713E+00
3.479517E+00
3.494866E+00
3.488536E+00
3.477116E+00
3.476751E+00
3.459529E+00
3.479281E+00
3.454183E+00
3.504750E+00
3.471728E+00
3.477403E+00
3.472946E+00
3.493579E+00
3.491022E+00
3.475355E+00
3.477484E+00
3.490139E+00
3.476781E+00
3.490850E+00
3.485792E+00
3.455202E+00
3.488126E+00
3.485010E+00
3.494222E+00
3.491331E+00
3.469554E+00
3.476558E+00
3.463022E+00
3.479715E+00
3.493502E+00
3.504153E+00
3.485052E+00
3.485428E+00
3.482071E+00
3.455851E+00
3.465565E+00
3.461722E+00
3.485918E+00
3.492557E+00
3.495793E+00
3.476330E+00
3.452218E+00
3.476199E+00
3.472753E+00
3.475960E+00
3.484106E+00
3.455031E+00
3.464763E+00
3.443300E+00
3.477734E+00
3.474166E+00
3.464435E+00
3.469062E+00
3.466451E+00
3.453296E+00
3.475904E+00
3.450258E+00
3.457316E+00
3.490383E+00
3.461659E+00
3.463125E+00
3.479112E+00
3.484666E+00
3.474317E+00
3.485350E+00
3.459573E+00
3.478166E+00
3.471250E+00
3.482897E+00
3.465718E+00
3.469758E+00
3.451424E+00
3.467238E+00
3.467700E+00
3.480796E+00
3.474062E+00
3.474920E+00
3.463559E+00
3.467205E+00
3.482751E+00
3.475289E+00
3.492495E+00
3.476341E+00
3.445438E+00
3.468016E+00
3.463496E+00
3.475542E+00
3.458964E+00
3.457708E+00
3.474437E+00
3.460248E+00
3.449377E+00
3.484720E+00
3.472391E+00
3.476061E+00
3.469905E+00
3.454785E+00
3.476845E+00
3.479894E+00
3.468614E+00
3.467402E+00
3.441917E+00
3.499781E+00
3.476245E+00
3.507124E+00
3.491967E+00
3.493196E+00
3.477419E+00
3.472684E+00
3.484941E+00
3.488005E+00
3.473273E+00
3.484179E+00
3.463377E+00
3.455058E+00
3.444757E+00
3.491695E+00
3.488662E+00
3.475219E+00
3.454249E+00
3.466818E+00
3.482915E+00
3.450905E+00
3.469055E+00
3.453733E+00
3.461262E+00
3.456353E+00
3.467415E+00
3.457933E+00
3.463404E+00
3.475592E+00
3.457135E+00
3.477392E+00
3.465404E+00
3.506056E+00
3.498472E+00
3.468902E+00
3.459924E+00
3.464675E+00
3.485499E+00
3.467689E+00
3.471568E+00
3.461067E+00
3.473678E+00
3.487547E+00
3.465608E+00
3.444685E+00
3.484265E+00
3.490250E+00
3.475069E+00
3.463622E+00
3.447756E+00
3.482221E+00
3.466597E+00
3.486456E+00
3.470752E+00
3.461078E+00
3.480966E+00
3.471143E+00
3.496875E+00
3.463595E+00
3.483161E+00
3.468297E+00
3.483435E+00
3.471632E+00
3.459344E+00
3.467362E+00
3.467474E+00
3.463862E+00
3.471443E+00
3.460839E+00
3.484297E+00
3.447347E+00
3.472853E+00
3.471808E+00
3.476918E+00
3.500638E+00
3.485199E+00
3.438971E+00
3.473540E+00
3.495190E+00
3.465701E+00
3.507211E+00
3.465635E+00
3.491385E+00
3.457716E+00
3.487649E+00
3.452188E+00
3.475400E+00
3.471376E+00
3.494998E+00
3.489169E+00
3.481499E+00
3.492155E+00
3.464204E+00
3.469686E+00
3.487877E+00
3.499342E+00
3.484725E+00
3.461534E+00
3.456078E+00
3.468083E+00
3.454075E+00
3.484260E+00
3.502009E+00
3.462801E+00
3.466360E+00
3.469126E+00
3.486726E+00
3.481105E+00
3.458209E+00
3.488118E+00
3.479465E+00
3.493712E+00
3.477340E+00
3.480100E+00
3.462082E+00
3.463854E+00
3.480766E+00
3.484914E+00
3.487312E+00
3.471674E+00
3.502331E+00
3.471287E+00
3.471833E+00
3.501040E+00
3.460002E+00
3.500036E+00
3.471681E+00
3.451606E+00
3.467516E+00
3.472769E+00
3.445237E+00
3.458893E+00
3.456383E+00
3.465085E+00
3.461589E+00
3.498058E+00
3.461695E+00
3.472841E+00
3.470394E+00
