6.295000E+01
6.247000E+01
0.000000E+00
6.150000E+01
6.101000E+01
6.051000E+01
6.001000E+01
5.951000E+01
5.901000E+01
5.849000E+01
5.798000E+01
5.746000E+01
5.694000E+01
5.641000E+01
5.587000E+01
5.534000E+01
5.479000E+01
5.425000E+01
5.369000E+01
5.314000E+01
5.258000E+01
5.201000E+01
5.144000E+01
5.086000E+01
5.028000E+01
4.969000E+01
4.909000E+01
4.849000E+01
4.788000E+01
4.727000E+01
4.665000E+01
4.602000E+01
4.539000E+01
4.475000E+01
4.410000E+01
4.345000E+01
4.279000E+01
4.212000E+01
4.144000E+01
4.075000E+01
4.006000E+01
3.935000E+01
3.864000E+01
3.791000E+01
3.718000E+01
3.644000E+01
3.568000E+01
3.492000E+01
3.414001E+01
3.335001E+01
3.255001E+01
3.174001E+01
3.091001E+01
3.007001E+01
2.921001E+01
2.834001E+01
2.745001E+01
2.654001E+01
2.561002E+01
2.466002E+01
2.369002E+01
2.269003E+01
2.167003E+01
2.062003E+01
1.953004E+01
1.842005E+01
1.726006E+01
1.605007E+01
1.480008E+01
1.348010E+01
1.208013E+01
1.060017E+01
9.001223E+00
7.242324E+00
5.244555E+00
2.820368E+00
4.247589E-01
2.339332E+00
3.308956E+00
3.767013E+00
3.792121E+00
3.712904E+00
4.229931E+00
4.541909E+00
4.808027E+00
5.008112E+00
5.298153E+00
5.637197E+00
5.981339E+00
6.301583E+00
6.604775E+00
6.875898E+00
7.111140E+00
7.325324E+00
7.574523E+00
7.817528E+00
8.033524E+00
8.254573E+00
8.492575E+00
8.719771E+00
8.952742E+00
9.194664E+00
9.411807E+00
9.629108E+00
9.852368E+00
1.007451E+01
1.028483E+01
1.049515E+01
1.072521E+01
1.095540E+01
1.117532E+01
1.139517E+01
1.161525E+01
1.181550E+01
1.200567E+01
1.219584E+01
1.239581E+01
1.259584E+01
1.280598E+01
1.301589E+01
1.323589E+01
1.344593E+01
1.365642E+01
1.385669E+01
1.407670E+01
1.428683E+01
1.449681E+01
1.470670E+01
1.491662E+01
1.512656E+01
1.531654E+01
1.551641E+01
1.570640E+01
1.590632E+01
1.608624E+01
1.628619E+01
1.647614E+01
1.666615E+01
1.687631E+01
1.708643E+01
1.728651E+01
1.750654E+01
1.771657E+01
1.791658E+01
1.812669E+01
1.831666E+01
1.850660E+01
1.871669E+01
1.891665E+01
1.911645E+01
1.931646E+01
1.951648E+01
1.971650E+01
1.991648E+01
2.011651E+01
2.031625E+01
2.051604E+01
2.072599E+01
2.092594E+01
2.111602E+01
2.130613E+01
2.149642E+01
2.169656E+01
2.188645E+01
2.208634E+01
2.228644E+01
2.248652E+01
2.267641E+01
2.285633E+01
2.304619E+01
2.321614E+01
2.340614E+01
2.360618E+01
2.379623E+01
2.398631E+01
2.418636E+01
2.436627E+01
2.455630E+01
2.474629E+01
2.492630E+01
2.510614E+01
2.528617E+01
2.547604E+01
2.566594E+01
2.586585E+01
2.605584E+01
2.626579E+01
2.645574E+01
2.665564E+01
2.685547E+01
2.705546E+01
2.725552E+01
2.744553E+01
2.763554E+01
2.782556E+01
2.802542E+01
2.820534E+01
2.839527E+01
2.858523E+01
2.877521E+01
2.896526E+01
2.915544E+01
2.934543E+01
2.954549E+01
2.973562E+01
2.991566E+01
3.009560E+01
3.028555E+01
3.047553E+01
3.066550E+01
3.085552E+01
3.105557E+01
3.124557E+01
3.144551E+01
3.163550E+01
3.182550E+01
3.201550E+01
3.219554E+01
3.237549E+01
3.256542E+01
3.275538E+01
3.295528E+01
3.314525E+01
3.333517E+01
3.352509E+01
3.372514E+01
3.391514E+01
3.410515E+01
3.429526E+01
3.448542E+01
3.467552E+01
3.487558E+01
3.505552E+01
3.524545E+01
3.543539E+01
3.563549E+01
3.582553E+01
3.601558E+01
3.619560E+01
3.638571E+01
3.656593E+01
3.675593E+01
3.695604E+01
3.713612E+01
3.732605E+01
3.751585E+01
3.771576E+01
3.789577E+01
3.808573E+01
3.828572E+01
3.846577E+01
3.866581E+01
3.884589E+01
3.903589E+01
3.922594E+01
3.941592E+01
3.961611E+01
3.981616E+01
4.000626E+01
4.020646E+01
4.039658E+01
4.058670E+01
4.076668E+01
4.095664E+01
4.114677E+01
